0.339747	
0.224811	
0.451627	
0.296743	
0.4636	
0.257494	
0.358943	
0.293721	
0.0978041	
0.201787	
0.361251	
0.294511	
0.188127	
0.237362	
0.324952	
0.200698	
0.397495	
0.235929	
0.480886	
0.192013	
0.319919	
0.147897	
0.227637	
0.240675	
0.340134	
0.394213	
0.330049	
0.262693	
0.381549	
0.379889	
0.312021	
0.357125	
0.34128	
0.201304	
0.375957	
0.43428	
0.439608	
0.517695	
0.46925	
0.486818	
0.559536	
0.604683	
0.480204	
0.532768	
0.47617	
0.52296	
0.544	
0.438313	
0.527484	
0.56011	
0.509231	
0.672984	
0.439144	
0.426294	
0.325012	
0.591048	
0.586708	
0.492011	
0.589848	
0.51837	
0.529079	
0.511294	
0.543995	
0.510166	
0.778734	
0.383333	
0.31457	
0.385932	
0.390666	
0.456639	
0.483153	
0.478147	
0.554133	
0.538927	
0.575123	
0.677826	
0.622306	
0.371674	
0.267105	
0.590193	
0.316436	
0.506676	
0.503548	
0.722717	
0.493079	
0.449268	
0.523581	
0.52458	
0.507005	
0.439142	
0.377741	
0.53165	
0.365713	
0.396782	
0.633122	
0.45811	
0.485968	
0.589982	
0.469989	
0.602937	
0.465493	
0.60128	
0.562933	
0.478698	
0.41343	
0.395689	
0.472993	
0.456186	
0.459133	
0.598355	
0.47023	
0.614368	
0.446838	
0.597257	
0.447775	
0.517658	
0.597074	
0.458603	
0.456173	
0.700339	
0.595099	
0.4568	
0.564894	
0.463992	
0.570589	
0.641585	
0.339548	
0.602885	
0.645797	
0.504747	
0.674626	
0.515539	
0.376288	
0.280651	
0.466659	
0.571354	
0.531741	
0.541361	
0.442291	
0.5144	
0.336133	
0.423991	
0.418121	
0.551973	
0.498584	
0.384447	
0.499048	
0.431019	
0.43333	
0.586415	
0.511342	
0.539836	
0.588397	
0.518026	
0.555085	
0.568296	
0.617061	
0.547586	
0.641223	
0.502261	
0.495213	
0.670133	
0.449029	
0.499715	
0.591987	
0.514981	
0.640493	
0.603412	
0.529157	
0.42223	
0.55667	
0.361738	
0.524447	
0.580844	
0.521304	
0.587968	
0.703888	
0.592393	
0.526692	
0.564166	
0.542549	
0.368528	
0.458359	
0.622469	
0.495642	
0.558242	
0.39935	
0.506452	
0.560029	
0.363849	
0.534759	
0.481816	
0.706047	
0.796247	
0.61037	
0.587202	
0.682308	
0.700947	
0.682697	
0.627457	
0.828823	
0.640582	
0.811022	
0.878707	
0.799777	
0.809311	
0.762184	
0.651732	
0.795618	
0.896083	
0.673824	
0.456979	
0.337268	
0.516635	
0.537627	
0.477305	
0.385109	
0.702433	
0.264048	
0.449003	
0.367837	
0.436387	
0.531785	
0.513805	
0.428926	
0.5777	
0.562239	
0.564738	
0.457437	
0.604858	
0.566071	
0.750877	
0.606346	
0.615692	
0.505298	
0.371161	
0.462878	
0.424221	
0.443603	
0.555514	
0.444322	
0.410489	
0.459067	
0.483911	
0.540933	
0.404736	
0.531732	
0.507802	
0.632439	
0.478683	
0.486552	
0.382864	
0.361474	
0.531051	
0.475051	
0.550374	
0.410734	
0.690851	
0.512223	
0.604703	
0.477308	
0.48375	
0.569005	
0.555576	
0.387974	
0.346731	
0.390213	
0.358423	
0.505957	
0.458875	
0.463199	
0.363904	
0.577957	
0.543941	
0.491038	
0.602118	
0.412602	
0.54147	
0.534844	
0.534925	
0.427075	
0.532684	
0.448512	
0.410355	
0.379673	
0.603782	
0.415406	
0.482709	
0.379135	
0.470287	
0.176796	
0.391304	
0.357356	
0.398555	
0.478673	
0.467465	
0.69444	
0.442823	
0.474997	
0.343068	
0.452262	
0.366202	
0.50303	
0.585309	
0.540425	
0.429938	
0.336946	
0.646001	
0.705004	
0.51205	
0.40101	
0.619777	
0.440734	
0.453019	
0.588638	
0.361478	
0.304325	
0.542068	
0.540074	
0.509514	
0.549668	
0.608224	
0.597045	
0.443143	
0.580997	
0.517325	
0.449446	
0.380669	
0.564697	
0.464638	
0.504643	
0.420705	
0.344949	
0.517159	
0.493786	
0.619903	
0.58017	
0.60533	
0.425112	
0.406367	
0.373091	
0.549798	
0.778908	
0.572757	
0.422694	
0.583663	
0.387167	
0.357553	
0.571744	
0.422209	
0.531599	
0.640654	
0.540112	
0.592966	
0.33942	
0.566154	
0.71385	
0.554114	
0.345912	
0.479686	
0.450003	
0.538302	
0.541204	
0.540549	
0.463622	
0.440073	
0.441041	
0.585354	
0.314699	
0.47927	
0.527038	
0.434723	
0.547723	
0.492868	
0.40617	
0.516136	
0.473182	
0.459013	
0.428868	
0.506145	
0.115387	
0.260167	
0.245645	
0.20881	
0.36527	
0.226573	
0.354063	
0.397584	
0.284313	
0.32778	
0.363952	
0.291902	
0.354087	
0.173744	
0.411042	
0.201044	
0.117116	
0.43845	
0.293727	
0.344892	
0.263674	
0.197942	
-0.00729885	
0.562628	
0.471332	
0.480266	
0.540561	
0.358065	
0.427055	
0.614733	
0.559786	
0.371872	
0.279674	
0.442875	
0.5214	
0.594238	
0.509373	
0.387769	
0.530616	
0.382767	
0.403903	
0.434626	
0.377061	
0.472903	
0.410005	
0.471431	
0.453758	
0.459021	
0.449646	
0.62333	
0.561031	
0.505907	
0.353305	
0.33742	
0.303525	
1.06052	
0.897237	
0.525698	
0.402576	
0.385364	
0.554764	
0.656508	
0.330666	
0.45506	
0.491571	
0.3008	
0.584125	
0.458534	
0.691218	
0.46091	
0.540918	
0.385757	
0.437514	
0.383128	
0.539258	
0.630184	
0.440636	
0.543638	
0.449564	
0.510211	
0.619625	
0.512028	
0.396316	
0.41429	
0.483013	
0.480833	
0.413418	
0.518066	
0.626653	
0.474883	
0.479543	
0.279848	
0.422549	
0.360673	
0.461377	
0.552559	
0.652327	
0.679849	
0.488312	
0.46798	
0.581752	
0.549016	
0.576525	
0.577828	
0.351969	
0.554036	
0.490846	
0.423975	
0.43064	
0.628146	
0.419026	
0.376318	
0.521469	
0.701077	
0.302555	
0.33083	
0.206175	
0.467422	
0.312499	
0.35301	
0.204793	
0.385404	
0.338915	
0.1844	
0.803974	
0.75494	
0.810925	
0.774945	
0.78101	
0.696709	
0.767671	
0.876653	
0.974467	
0.683948	
1.03774	
0.952608	
0.816851	
0.769879	
0.730135	
0.883277	
0.730539	
0.753812	
0.888362	
0.843594	
0.889675	
0.850473	
0.75991	
0.748615	
0.879637	
0.732881	
0.918666	
0.87907	
0.828772	
0.800323	
0.836562	
1.15267	
0.788756	
0.644341	
0.99151	
0.860985	
0.735209	
1.06173	
0.855095	
0.82942	
0.722216	
0.693507	
0.623159	
0.257708	
0.19469	
0.364776	
0.268237	
0.476899	
0.451058	
0.316401	
0.271724	
0.415217	
0.185349	
0.36737	
0.233089	
0.259968	
0.23282	
0.357563	
0.222191	
0.193644	
0.355298	
0.257657	
0.336159	
0.264811	
0.326954	
0.0435551	
0.346586	
0.485356	
0.403929	
0.39109	
0.276027	
0.3181	
0.324425	
0.309639	
0.216953	
0.264775	
0.282522	
0.251935	
0.383684	
0.553835	
0.167667	
0.312834	
0.155762	
0.430251	
0.440991	
0.133746	
0.494368	
0.19153	
0.322682	
0.409893	
0.314719	
0.529567	
0.575256	
0.313832	
0.109293	
0.263501	
0.415189	
0.423525	
0.387231	
0.507819	
0.710663	
0.428415	
0.471948	
0.616648	
0.621282	
0.548554	
0.602602	
0.587073	
0.461824	
0.542889	
0.470087	
0.410013	
0.563475	
0.506745	
0.481288	
0.529173	
0.598769	
0.539293	
0.519455	
0.527978	
0.505122	
0.422553	
0.578678	
0.640891	
0.44659	
0.692776	
0.482375	
0.475625	
0.41024	
0.420766	
0.404703	
0.535391	
0.659703	
0.552747	
0.58542	
0.634185	
0.250047	
0.483244	
0.535302	
0.571725	
0.369515	
0.399413	
0.379068	
0.288343	
0.355309	
0.203936	
0.13662	
0.37612	
0.419331	
0.463206	
0.146781	
0.166315	
0.152615	
0.295834	
0.238449	
0.431415	
0.154493	
0.125765	
0.82053	
0.919293	
0.719718	
0.673436	
0.785067	
0.636355	
0.801734	
0.882839	
0.821774	
0.609076	
0.746318	
0.769797	
0.981358	
0.891485	
0.794292	
0.930936	
0.695526	
0.765173	
0.941256	
0.950238	
0.873038	
0.849075	
0.741387	
0.87449	
0.717185	
0.857452	
0.828184	
0.913931	
0.757413	
0.863614	
0.879318	
0.710162	
0.815624	
0.959725	
0.811244	
0.769138	
0.845666	
0.77249	
0.844314	
0.786523	
0.798167	
0.846079	
0.936232	
0.845187	
0.964838	
0.597164	
0.755074	
0.823599	
0.716483	
0.672404	
0.861704	
0.86127	
0.828938	
0.839532	
0.712944	
0.750231	
0.789333	
0.731217	
0.833188	
1.03652	
0.751777	
0.864745	
0.696558	
0.933955	
0.703086	
0.820872	
0.738141	
0.851202	
0.801135	
0.795601	
1.09491	
0.736995	
0.795312	
1.0683	
0.685331	
0.8553	
0.692354	
0.903064	
0.832753	
0.865212	
0.772114	
0.824519	
0.947251	
0.57249	
0.636671	
0.841547	
0.734523	
0.770365	
0.650308	
0.709517	
0.759582	
0.72742	
0.713351	
0.757815	
0.705733	
0.934188	
0.701157	
0.981794	
0.762556	
0.654826	
0.738132	
0.89345	
0.905593	
0.816023	
0.82874	
0.863291	
0.654096	
0.741829	
0.616985	
0.75509	
0.894927	
0.871744	
1.02878	
0.816673	
0.584351	
0.96894	
0.928228	
0.741737	
0.822261	
0.877945	
0.838471	
0.869637	
0.788728	
0.796118	
0.808809	
0.721034	
0.942296	
0.800633	
0.868648	
0.714507	
0.692476	
0.790903	
0.774723	
0.919482	
0.860606	
0.354051	
0.155506	
0.203231	
0.320205	
0.265212	
0.429009	
0.434115	
0.24192	
0.387514	
0.439545	
0.332099	
0.462338	
0.406243	
0.321411	
0.38768	
0.319441	
0.258511	
0.335846	
0.303622	
0.263537	
0.477102	
0.322127	
0.573038	
0.270383	
0.35643	
0.458262	
0.572923	
0.330356	
0.220974	
0.380338	
0.66801	
0.772615	
0.827187	
0.948955	
0.943714	
0.797244	
0.892393	
0.767872	
0.866112	
0.691529	
0.515676	
0.469946	
0.449997	
0.571647	
0.633729	
0.712568	
0.505405	
0.516304	
0.436729	
0.661199	
0.492455	
0.452676	
1.01842	
0.880988	
0.871634	
0.699443	
0.843399	
0.852014	
0.690776	
0.777421	
0.759508	
0.852786	
0.699304	
0.908903	
0.978487	
0.769625	
0.79913	
0.850664	
0.920325	
0.852202	
0.839705	
0.751719	
0.77685	
0.861339	
0.968285	
0.856839	
0.679397	
0.843306	
0.790788	
0.775595	
0.778081	
0.712023	
0.76792	
0.721558	
0.763504	
0.811727	
0.817434	
0.778434	
0.784739	
0.803369	
0.845828	
0.928163	
0.862009	
0.771333	
0.859802	
0.775447	
0.621926	
0.565276	
0.62864	
0.776287	
0.738037	
0.727984	
0.804066	
0.734102	
0.736948	
0.860963	
0.878233	
1.04366	
0.830241	
0.805832	
0.742587	
0.780479	
0.794947	
0.624422	
0.774264	
0.874954	
0.742924	
0.849423	
0.899144	
0.907714	
0.877684	
0.574016	
0.743562	
0.890149	
0.839468	
0.800485	
0.843692	
0.913007	
0.815377	
0.724137	
0.781984	
0.779221	
0.889675	
0.841231	
0.854752	
0.814784	
0.763773	
0.806114	
0.821671	
0.660188	
0.817887	
0.892758	
0.788982	
0.95724	
0.856049	
0.757966	
0.784605	
0.77248	
0.824112	
0.875469	
0.770809	
0.845845	
0.975529	
0.893149	
0.882526	
0.718519	
0.74658	
0.824255	
0.789935	
0.637495	
0.648558	
0.902619	
0.724187	
1.00783	
0.577801	
0.844876	
0.800063	
0.724376	
0.840432	
0.720615	
0.885978	
0.806687	
0.636061	
0.557525	
0.771617	
0.914581	
0.818117	
0.805425	
0.868775	
0.660659	
0.942537	
0.710615	
0.803776	
0.763643	
0.814956	
0.605548	
0.952389	
0.854581	
1.00099	
0.941667	
0.801148	
0.706095	
0.626109	
0.801697	
0.821916	
0.904582	
0.704902	
0.87948	
0.807143	
0.722631	
0.877416	
0.826565	
0.776489	
0.987729	
0.860924	
0.788973	
0.827746	
0.808705	
0.817359	
0.845359	
0.739648	
0.720298	
0.836065	
0.988509	
0.769318	
0.698728	
0.776145	
0.751599	
0.767266	
0.847552	
0.787	
0.740565	
0.755623	
0.667747	
0.714048	
0.6587	
0.748401	
0.69149	
0.729284	
0.769835	
0.679956	
0.798064	
0.834037	
0.703677	
0.911392	
0.641389	
0.760821	
0.651531	
0.765537	
0.667608	
0.742517	
0.725929	
0.6815	
0.593514	
0.856506	
1.00001	
1.02233	
0.750782	
0.7954	
0.753425	
0.807595	
0.708123	
0.608053	
0.796356	
0.677487	
0.609757	
1.03742	
0.776665	
0.840388	
0.919247	
0.631524	
0.841315	
0.850175	
0.808306	
0.81578	
0.747206	
0.872306	
0.715006	
0.720362	
0.872534	
0.968654	
0.761361	
0.749492	
0.840807	
0.907236	
0.896798	
0.827015	
0.736559	
0.862976	
0.792077	
0.937695	
0.659179	
0.814123	
0.928972	
0.750506	
0.737518	
0.706637	
0.772128	
0.779948	
0.813674	
0.711665	
0.808254	
0.739613	
0.763127	
0.716183	
0.771752	
1.15699	
1.14075	
0.914692	
0.878726	
0.672186	
0.741541	
0.738059	
